FMOD_PRESET_OFF 0 -1  1.00 -10000  -10000 0   1.00   1.00 1.0  -2602 0.007  200 0.011  0.25  0.000 5000.0 250.0   0.0    0.0 0x3  
FMOD_PRESET_GENERIC 0  0  1.00 -1000  -100   0   1.49  0.83 1.0  -2602 0.007 200 0.011 0.25 0.000 5000.0 250.0 100.0 100.0 0x3
FMOD_PRESET_PADDEDCELL 0  1  1.00 -1000  -6000  0   0.17  0.10 1.0  -1204 0.001   207 0.002 0.25 0.000 5000.0 250.0 100.0 100.0 0x3
FMOD_PRESET_ROOM 0 2  1.00 -1000  -454   0   0.40  0.83 1.0  -1646 0.002     53 0.003 0.25 0.000 5000.0 250.0 100.0 100.0 0x3
FMOD_PRESET_BATHROOM 0 3  1.00 -1000  -1200  0   1.49  0.54 1.0   -370  0.007    1030  0.011   0.25   0.000   5000.0   250.0   100.0    60.0   0x3   
FMOD_PRESET_LIVINGROOM 0 4  1.00   -1000   -6000   0    0.50    0.10   1.0    -1376  0.003   -1104  0.004   0.25   0.000   5000.0   250.0   100.0   100.0   0x3   
FMOD_PRESET_STONEROOM 0 5  1.00   -1000   -300    0    2.31    0.64   1.0     -711  0.012      83  0.017   0.25   0.000   5000.0   250.0   100.0   100.0   0x3   
FMOD_PRESET_AUDITORIUM 0 6  1.00   -1000   -476    0    4.32    0.59   1.0     -789  0.020    -289  0.030   0.25   0.000   5000.0   250.0   100.0   100.0   0x3   
FMOD_PRESET_CONCERTHALL 0  7   1.00   -1000   -500    0    3.92    0.70   1.0    -1230  0.020      -2  0.029   0.25   0.000   5000.0   250.0   100.0   100.0   0x3   
FMOD_PRESET_CAVE 0  8  1.00   -1000   0       0    2.91    1.30   1.0     -602  0.015    -302  0.022   0.25   0.000   5000.0   250.0   100.0   100.0   0x1   
FMOD_PRESET_ARENA 0  9  1.00   -1000   -698    0    7.24    0.33   1.0    -1166  0.020      16  0.030   0.25   0.000   5000.0   250.0   100.0   100.0   0x3   
FMOD_PRESET_HANGAR 0  10 1.00   -1000   -1000   0    10.05   0.23   1.0     -602  0.020     198  0.030   0.25   0.000   5000.0   250.0   100.0   100.0   0x3   
FMOD_PRESET_CARPETTEDHALLWAY 0  11  1.00   -1000   -4000   0    0.30    0.10   1.0    -1831  0.002   -1630  0.030   0.25   0.000   5000.0   250.0   100.0   100.0   0x3   
FMOD_PRESET_HALLWAY 0  12 1.00 -1000   -300    0    1.49    0.59   1.0    -1219  0.007     441  0.011   0.25   0.000   5000.0   250.0   100.0   100.0   0x3   
FMOD_PRESET_STONECORRIDOR 0   13 1.00   -1000   -237    0    2.70    0.79   1.0    -1214  0.013     395  0.020   0.25   0.000   5000.0   250.0   100.0   100.0   0x3   
FMOD_PRESET_ALLEY 0  14 0.30 -1000   -270    0    1.49    0.86   1.0    -1204  0.007      -4  0.011   0.25   0.000   5000.0   250.0   100.0   100.0   0x3   
FMOD_PRESET_FOREST 0  15 0.30 -1000   -3300   0    1.49    0.54   1.0    -2560  0.162    -229  0.088   0.25   0.000   5000.0   250.0    79.0   100.0   0x3   
FMOD_PRESET_CITY 0  16 0.50 -1000   -800    0    1.49    0.67   1.0    -2273  0.007   -1691  0.011   0.25   0.000   5000.0   250.0    50.0   100.0   0x3   
FMOD_PRESET_MOUNTAINS 0  17 0.27  -1000   -2500   0    1.49    0.21   1.0    -2780  0.300   -1434  0.100   0.25   0.000   5000.0   250.0    27.0   100.0   0x1   
FMOD_PRESET_QUARRY 0  18 1.00  -1000   -1000   0    1.49    0.83   1.0   -10000  0.061     500  0.025   0.25   0.000   5000.0   250.0   100.0   100.0   0x3   
FMOD_PRESET_PLAIN 0  19 0.21  -1000   -2000   0    1.49    0.50   1.0    -2466  0.179   -1926  0.100   0.25   0.000   5000.0   250.0    21.0   100.0   0x3   
FMOD_PRESET_PARKINGLOT 0  20 1.00   -1000   0       0    1.65    1.50   1.0    -1363  0.008   -1153  0.012   0.25   0.000   5000.0   250.0   100.0   100.0   0x1   
FMOD_PRESET_SEWERPIPE 0  21 0.80   -1000   -1000   0    2.81    0.14   1.0      429  0.014    1023  0.021   0.25   0.000   5000.0   250.0    80.0    60.0   0x3   
FMOD_PRESET_UNDERWATER 0  22 1.00   -1000   -4000   0    1.49    0.10   1.0     -449  0.007    1700  0.011   1.18   0.348   5000.0   250.0   100.0   100.0   0x3
MY_HALLWAY     0   12  1.00   -1000      0    0    1.49    0.59   1.3     1219  0.007     441  0.011   0.25   0.000   5000.0   250.0   100.0   100.0   0x3